bolona
radius 1 ~ 2
1 scope type


bola
radius 0.5 ~ 1
2 scope type


bolinha
radius 0.25 ~ 0.5
4 scope type


bolinhazinha
radius 0.125 ~ 0.25
8 scope type



0,1 ; 0,1

grid position = (char)position.round

byte,byte
1 scope
[0,1][1,1]
[0,0][1,0]
comparing with highers scopes will compare the first one bit

2 scope
[00,11][01,11][10,11][11,11]
[00,10][01,10][10,10][11,10]
[00,01][01,01][10,01][11,01]
[00,00][01,00][10,00][11,00]
comparing with highers scopes will compare the first two bits


4 scope
[000,111][001,111][010,111][011,111][100,111][101,111][110,111][111,111]
[000,110][001,110][010,110][011,110][100,110][101,110][110,110][111,110]
[000,101][001,101][010,101][011,101][100,101][101,101][110,101][111,101]
[000,100][001,100][010,100][011,100][100,100][101,100][110,100][111,100]
[000,011][001,011][010,011][011,011][100,011][101,011][110,011][111,011]
[000,010][001,010][010,010][011,010][100,010][101,010][110,010][111,010]
[000,001][001,001][010,001][011,001][100,001][101,001][110,001][111,001]
[000,000][001,000][010,000][011,000][100,000][101,000][110,000][111,000]